c -3.49,1.47 0,0,0 1,1,1
p 17.67,-1.5 0,0,0 1,1,1
p 22.62,0.3 0,0,0 1,1,1
p 27.26,2.22 0,0,0 1,1,1
t -32.56,-2.44 0,0,0 1,1,1
p 32.62,-0.04 0,0,0 1,1,1
p 37.34,2.1 0,0,0 1,1,1
s 0.8,-3.11 0,0,0 1,1,1
s 5.3,-3.11 0,0,0 1,1,1
s 9.8,-3.11 0,0,0 1,1,1
s 17.69,-0.83 0,0,0 1,1,1
s 20.95,0.76 0,0,0 1,1,1
s 24.34,0.76 0,0,0 1,1,1
s 27.24,2.7 0,0,0 1,1,1
s 36.23,2.7 0,0,0 1,1,1
s 34.55,0.40911 0,0,0 0.67296,0.67296,0.67296
s 30.77,0.40911 0,0,0 0.67296,0.67296,0.67296
p 42.64,4.06 0,0,0 1,1,1
s 42.03,4.6 0,0,0 1,1,1
s 42.51,4.6 0,0,0 1,1,1
s 43,4.6 0,0,0 1,1,1
p 47.55,6.76 0,0,0 1,1,1
p 47.55,1.8 0,0,0 1,1,1
p 51.64,-0.21 0,0,0 1,1,1
p 55.94,-2.18 0,0,0 1,1,1
s 46.91,7.23 0,0,0 1,1,1
s 48.77,7.23 0,0,0 1,1,1
s 48.77,2.24 0,0,0 1,1,1
p 56.34,7.17 0,0,0 1,1,1
p 51.79,12.27 0,0,0 1,1,1
t 51.96,11.09 0,0,0 1,1,1
s 50.89,11.55 0,0,180 1,1,1
s 53.07,11.55 0,0,180 1,1,1
p 48.33,6.76 0,0,0 1,1,1
p 62.87,6 0,0,0 1,1,1
p 69.55,6 0,0,0 1,1,1
s 58.02,7.83 0,0,0 1,1,1
s 62.17,6.59 0,0,0 1,1,1
s 69.604,6.602 0,0,0 1,1,1
p 77.26,6 0,0,0 1,1,1
p 85.7,6 0,0,0 1,1,1
s 78.606,6.59 0,0,0 1,1,1
s 78.92,6.59 0,0,0 1,1,1
s 78.31,6.59 0,0,0 1,1,1
s 84,6.59 0,0,0 1,1,1
s 84.3,6.59 0,0,0 1,1,1
s 84.61,6.59 0,0,0 1,1,1
g 81.44,5.38 0,0,0 1,1,1 victoryscreen
s 79.59,6 0,0,270 1,1,1
s 83.37,6 0,0,90 1,1,1